80.67828102 177.12 117.35 -240.83 1552.20 9494.07 11.00 05:08:44 11.8 {} 11.4 {} 11.0 {}
75.84083135 188.62 117.66 -177.47 1694.09 9482.42 10.50 05:13:42 11.5 {} 11.2 {} 10.9 {}
71.57676285 197.87 120.96 -201.11 1794.72 9500.40 10.00 05:27:05 10.6 {} 10.8 {} 10.6 {}
66.49219590 213.33 129.14 -333.00 2010.20 9486.56 10.00 05:31:52 10.3 {} 10.4 {} 10.3 {}
62.33786194 220.90 130.29 -306.93 2055.26 9462.61 9.95 05:39:18 9.8 {} 10.2 {} 10.1 {}
56.10120041 234.46 131.02 -245.72 2174.50 9375.27 9.80 05:46:13 9.4 {} 9.8 {} 9.9 {}
52.45621793 247.20 143.01 -502.18 2360.91 9386.35 9.58 05:53:11 9.1 {} 9.6 {} 9.8 {}
46.41234286 258.36 139.77 -352.17 2419.33 9277.73 9.33 05:58:52 8.8 {} 9.3 {} 9.6 {}
34.73879015 269.57 152.48 -454.04 2482.23 9141.65 8.68 06:18:40 8.2 {} 8.3 {} 9.1 {}
30.38335488 275.59 153.42 -443.30 2474.85 9078.41 8.60 06:22:02 8.2 {} 8.2 {} 9.0 {}
25.87088165 280.55 154.27 -433.15 2440.33 8998.71 8.50 06:25:24 8.0 {} 8.0 {} 8.9 {}
31.15332051 271.70 150.88 -386.53 2405.06 9057.68 8.42 06:28:32 7.9 {} 8.0 {} 8.9 {}
