85.75559528 150.03 116.39 -188.69 1228.30 9697.66 7.30 11:33:42 7.5 {} 7.3 {} 7.2 {}
80.39330169 167.64 117.81 -143.61 1517.15 9694.55 6.88 11:38:50 7.1 {} 6.9 {} 6.7 {}
75.31915244 181.40 122.90 -196.22 1708.72 9666.20 6.72 11:41:10 7.0 {} 6.9 {} 6.5 {}
69.23185777 184.07 131.49 -326.70 1782.54 9633.39 6.53 11:47:23 6.8 {} 6.7 {} 6.3 {}
65.48033794 191.00 132.66 -303.30 1831.77 9622.60 6.47 11:52:41 6.7 {} 6.6 {} 6.3 {}
60.43723795 200.60 138.58 -385.12 1893.86 9579.52 6.38 11:55:50 6.6 {} 6.4 {} 6.2 {}
55.42352423 212.91 141.72 -401.96 2027.01 9522.05 6.35 11:57:49 6.5 {} 6.4 {} 6.2 {}
52.84828177 217.80 143.08 -405.20 2056.62 9491.61 6.25 12:00:24 6.4 {} 6.4 {} 6.1 {}
45.49487719 235.23 149.08 -472.45 2224.19 9403.49 6.17 12:03:40 6.3 {} 6.2 {} 6.1 {}
39.67827105 248.12 152.75 -505.53 2332.83 9331.41 6.15 12:06:14 6.3 {} 6.3 {} 6.1 {}
34.87216031 258.03 154.71 -510.84 2405.97 9258.24 6.15 12:10:26 6.2 {} 6.2 {} 6.1 {}
31.25622078 265.57 157.57 -553.43 2463.08 9201.72 6.12 12:13:33 6.1 {} 6.1 {} 6.0 {}
25.16797124 276.50 159.20 -552.49 2523.13 9109.58 6.03 12:15:51 6.1 {} 6.0 {} 6.0 {}
30.48683450 265.29 157.45 -546.06 2430.20 9182.03 5.95 12:19:43 5.9 {} 6.0 {} 5.9 {}
34.80604922 256.73 154.68 -509.98 2370.96 9229.03 5.88 12:22:35 5.8 {} 5.8 {} 5.8 {}
39.57436227 246.20 154.07 -537.75 2280.93 9289.08 5.80 12:25:34 5.7 {} 5.8 {} 5.8 {}
45.98688014 233.89 152.07 -551.53 2206.25 9367.76 5.78 12:27:57 5.7 {} 5.8 {} 5.8 {}
52.25565307 218.63 144.53 -443.35 2060.02 9443.14 5.72 12:31:20 5.7 {} 5.8 {} 5.8 {}
55.19723163 212.60 143.77 -449.65 2008.71 9475.46 5.72 12:34:37 5.6 {} 5.8 {} 5.7 {}
61.91637962 196.91 137.67 -382.89 1854.51 9544.76 5.67 12:36:19 5.6 {} 5.7 {} 5.7 {}
66.98059397 182.65 132.50 -320.84 1671.68 9570.11 5.60 12:39:00 5.6 {} 5.7 {} 5.6 {}
72.44691435 169.50 126.83 -255.03 1522.73 9613.63 5.62 12:43:04 5.6 {} 5.7 {} 5.6 {}
74.39366160 163.98 122.78 -183.82 1451.58 9626.08 5.58 12:45:44 5.5 {} 5.6 {} 5.6 {}
80.11936232 153.50 119.03 -171.43 1360.82 9662.92 5.58 12:48:19 5.5 {} 5.6 {} 5.6 {}
86.45300179 155.15 114.03 -139.24 1373.73 9696.18 5.58 12:53:57 5.4 {} 5.7 {} 5.6 {}
79.07378363 170.15 120.17 -183.12 1538.48 9681.55 5.55 12:57:42 5.3 {} 5.5 {} 5.6 {}
74.25883233 180.34 123.44 -198.28 1650.71 9699.68 5.50 13:01:33 5.3 {} 5.6 {} 5.6 {}
69.98090217 196.38 128.70 -268.28 1908.08 9660.12 5.42 13:06:54 5.2 {} 5.6 {} 5.6 {}
65.08201918 203.76 132.46 -294.69 1927.37 9636.98 5.40 13:10:23 5.2 {} 5.5 {} 5.6 {}
61.86770289 211.31 135.09 -319.25 2011.74 9603.06 5.42 13:12:34 5.1 {} 5.4 {} 5.6 {}
55.59170946 229.30 138.93 -333.34 2232.70 9555.85 5.33 13:17:57 5.1 {} 5.4 {} 5.5 {}
49.95570181 240.52 145.68 -436.05 2309.69 9469.58 5.30 13:21:09 5.0 {} 5.3 {} 5.4 {}
45.10695467 250.55 148.39 -450.51 2383.73 9410.88 5.25 13:23:44 4.9 {} 5.3 {} 5.4 {}
40.70873281 260.92 150.17 -451.30 2480.83 9357.49 5.25 13:25:50 4.9 {} 5.3 {} 5.4 {}
34.53786051 273.67 156.29 -548.31 2575.39 9272.46 5.25 13:28:05 4.9 {} 5.3 {} 5.3 {}
30.36106036 284.76 156.68 -526.03 2705.09 9220.90 5.15 13:31:23 4.9 {} 5.3 {} 5.3 {}
23.75774088 280.57 154.99 -543.71 2575.75 9110.49 5.18 13:35:29 4.9 {} 5.2 {} 5.3 {}
