85.36421808 274.50 70.62 444.15 -233.64 697.87 13.00 01:19:02 14.4 {} 14.1 {} 12.9 {}
79.93076012 279.54 84.52 345.41 -139.05 720.21 13.00 01:20:49 14.4 {} 14.1 {} 12.9 {}
74.91933164 284.64 97.06 258.05 -52.13 713.39 12.75 01:22:33 14.2 {} 14.0 {} 12.9 {}
70.14267156 289.53 107.98 183.54 24.97 713.68 12.75 01:24:18 14.2 {} 13.9 {} 12.8 {}
65.00891290 295.17 119.24 108.80 105.98 695.51 12.75 01:26:04 14.0 {} 13.8 {} 12.8 {}
59.57480048 301.11 129.84 41.00 183.62 670.95 12.50 01:27:50 13.9 {} 13.7 {} 12.7 {}
54.91323934 306.52 138.31 -11.11 247.83 655.88 12.50 01:29:34 13.7 {} 13.7 {} 12.7 {}
50.25233266 311.74 145.56 -53.66 304.72 625.82 12.50 01:31:18 13.7 {} 13.6 {} 12.7 {}
45.38502464 317.54 152.40 -91.01 360.59 588.87 12.50 01:32:32 13.7 {} 13.6 {} 12.7 {}
84.23689638 274.84 63.56 428.17 -245.95 718.91 12.50 01:37:54 13.6 {} 13.3 {} 12.6 {}
79.89644930 279.46 84.55 306.78 -157.61 715.41 12.50 01:41:07 13.4 {} 13.3 {} 12.6 {}
75.16183552 282.11 91.95 274.56 -109.05 700.08 12.50 01:44:23 13.3 {} 13.2 {} 12.5 {}
69.54426001 290.29 107.25 186.37 9.55 681.20 12.50 01:47:35 13.1 {} 13.2 {} 12.4 {}
64.38308918 297.94 114.73 130.60 111.70 653.38 12.25 01:50:48 12.9 {} 13.0 {} 12.4 {}
59.94653318 298.55 120.10 125.56 149.43 630.37 12.25 01:54:00 12.8 {} 12.9 {} 12.3 {}
54.98784767 301.67 127.51 90.26 172.94 601.32 12.00 01:57:13 12.7 {} 12.9 {} 12.3 {}
50.22761342 310.91 131.78 67.58 291.73 563.10 12.00 02:00:24 12.6 {} 12.8 {} 12.3 {}
44.89629398 316.76 136.39 31.92 315.26 531.22 12.00 02:03:38 12.4 {} 12.7 {} 12.2 {}
40.33483288 309.77 144.17 -27.47 270.29 487.04 12.00 02:06:50 12.4 {} 12.6 {} 12.2 {}
34.64860355 320.99 148.98 -22.19 367.71 435.94 12.00 02:10:06 12.3 {} 12.6 {} 12.2 {}
29.80910467 323.27 155.50 -98.86 385.13 388.85 12.00 02:13:19 12.3 {} 12.5 {} 12.1 {}
24.51418817 335.03 166.75 -180.94 448.71 337.61 12.00 02:16:33 12.1 {} 12.4 {} 12.1 {}
29.76887154 319.31 154.13 -75.22 331.06 393.39 12.00 02:19:45 12.0 {} 12.4 {} 12.1 {}
35.02294336 329.02 154.89 -69.24 398.29 452.21 12.00 02:22:57 11.9 {} 12.3 {} 12.1 {}
39.91467022 310.35 138.99 -0.06 270.67 488.07 11.75 02:26:07 11.8 {} 12.3 {} 12.0 {}
45.07091651 323.48 139.22 -7.85 361.57 565.64 11.25 02:29:19 11.8 {} 12.2 {} 11.9 {}
49.80904935 298.57 137.20 3.43 168.25 585.22 11.25 02:32:30 11.7 {} 12.1 {} 11.9 {}
54.97172223 301.91 128.99 88.49 171.23 630.24 11.25 02:35:41 11.6 {} 12.1 {} 11.9 {}
59.44616174 296.26 118.45 158.59 99.37 675.56 11.25 02:38:48 11.6 {} 12.1 {} 11.8 {}
64.99315224 298.99 121.55 142.44 89.52 704.24 11.25 02:41:57 11.6 {} 12.0 {} 11.8 {}
70.00259588 295.11 115.43 150.28 37.90 721.94 11.00 02:45:12 11.5 {} 11.9 {} 11.8 {}
75.05662856 290.72 94.91 253.67 -37.11 759.91 11.00 02:48:23 11.4 {} 11.9 {} 11.8 {}
79.97248456 307.45 101.28 209.65 22.55 788.53 11.00 02:51:33 11.4 {} 11.8 {} 11.7 {}
84.38270126 277.49 80.27 326.13 -219.67 801.95 11.00 02:54:43 11.4 {} 11.8 {} 11.7 {}
79.79561970 283.47 90.42 246.47 -147.66 795.38 11.00 02:57:57 11.3 {} 11.7 {} 11.7 {}
74.80075655 286.61 102.99 175.59 -51.79 785.45 11.00 03:01:07 11.3 {} 11.7 {} 11.7 {}
70.40579625 283.15 106.05 194.44 -47.50 773.77 11.00 03:04:14 11.2 {} 11.7 {} 11.6 {}
65.00808678 304.79 113.83 152.32 123.50 748.97 11.00 03:07:29 11.2 {} 11.7 {} 11.6 {}
59.80040644 303.76 133.97 -11.84 187.87 724.06 11.00 03:10:44 11.2 {} 11.6 {} 11.6 {}
55.10548935 305.88 135.64 -26.22 203.13 700.65 11.00 03:13:53 11.1 {} 11.6 {} 11.5 {}
50.34470794 315.16 128.43 39.24 277.54 668.58 11.00 03:17:06 11.1 {} 11.6 {} 11.5 {}
45.32159576 317.50 144.22 -55.98 304.93 631.36 11.00 03:20:23 11.1 {} 11.5 {} 11.4 {}
39.36376596 320.91 146.66 -48.69 342.36 570.21 10.75 03:23:39 10.9 {} 11.4 {} 11.4 {}
35.03546392 329.52 156.14 -113.82 409.65 554.08 11.00 03:26:56 10.9 {} 11.4 {} 11.4 {}
30.11617468 333.04 157.94 -124.75 433.99 497.25 11.00 03:30:08 10.9 {} 11.4 {} 11.3 {}
24.89321648 338.44 161.14 -151.38 462.39 446.14 10.75 03:33:20 10.9 {} 11.4 {} 11.3 {}
30.10409401 322.80 153.12 -95.66 363.21 497.28 10.75 03:36:35 10.9 {} 11.4 {} 11.3 {}
35.05708252 338.84 156.38 -94.30 431.75 546.15 10.75 03:39:46 10.9 {} 11.4 {} 11.3 {}
39.99519013 325.40 143.36 -23.26 366.48 598.45 10.75 03:42:56 10.9 {} 11.4 {} 11.3 {}
45.02618800 315.50 139.97 -8.39 294.26 640.56 10.75 03:46:07 10.8 {} 11.3 {} 11.2 {}
49.84327434 311.52 137.80 -4.64 253.20 679.78 10.75 03:49:20 10.8 {} 11.3 {} 11.2 {}
54.93656383 317.76 133.21 31.13 255.30 719.27 10.75 03:52:36 10.8 {} 11.3 {} 11.2 {}
60.48247072 297.60 123.98 83.06 123.48 751.21 10.75 03:55:49 10.8 {} 11.2 {} 11.2 {}
64.58479129 305.18 112.46 167.22 114.68 776.89 10.75 03:58:57 10.7 {} 11.2 {} 11.2 {}
69.17615365 298.71 101.93 219.31 46.89 798.68 10.75 04:02:06 10.7 {} 11.2 {} 11.1 {}
75.05121049 301.94 95.52 254.83 15.43 820.61 10.75 04:05:16 10.7 {} 11.2 {} 11.1 {}
80.09365603 286.90 79.82 345.27 -129.50 837.31 10.75 04:08:27 10.7 {} 11.2 {} 11.1 {}
85.00003847 286.45 65.61 427.80 -201.17 844.42 10.75 04:11:40 10.7 {} 11.2 {} 11.1 {}
79.81405184 288.82 84.04 300.95 -102.61 833.09 10.75 04:14:51 10.7 {} 11.2 {} 11.1 {}
74.48170243 288.24 95.99 216.63 -46.41 825.49 10.75 04:17:53 10.7 {} 11.1 {} 11.1 {}
70.08107731 297.70 100.35 221.52 37.14 792.46 10.75 04:21:07 10.7 {} 11.1 {} 11.1 {}
64.87014613 305.72 111.35 173.32 131.76 767.11 10.75 04:24:17 10.6 {} 11.1 {} 11.0 {}
59.74131201 305.49 119.49 103.98 194.09 736.39 10.75 04:27:42 10.6 {} 11.0 {} 11.0 {}
54.33789479 303.81 133.43 4.31 213.26 699.67 10.75 04:30:54 10.7 {} 11.1 {} 11.0 {}
49.79823469 314.45 133.13 36.74 279.17 668.38 10.75 04:33:59 10.7 {} 11.0 {} 11.0 {}
44.67290889 337.22 130.68 61.63 455.21 620.78 10.75 04:37:06 10.6 {} 11.1 {} 11.0 {}
40.11137269 318.38 154.85 -134.84 408.69 580.47 10.75 04:40:12 10.6 {} 11.1 {} 11.0 {}
34.86240779 334.28 154.22 -99.81 481.71 549.10 10.50 04:43:18 10.7 {} 11.0 {} 11.0 {}
29.43780113 334.06 156.78 -128.00 374.03 480.81 10.50 04:46:32 10.7 {} 11.0 {} 11.0 {}
24.97649371 351.97 150.71 -69.81 569.74 489.46 10.00 04:49:38 10.6 {} 11.0 {} 10.9 {}
30.12490796 340.53 157.39 -72.11 522.89 443.15 10.00 04:52:48 10.6 {} 10.9 {} 11.0 {}
34.77966701 324.75 166.01 -136.06 346.99 521.60 10.00 04:55:54 10.6 {} 10.9 {} 10.9 {}
39.41424513 225.05 44.90 1462.49 -1188.45 773.35 10.00 04:59:01 10.7 {} 11.0 {} 10.9 {}
45.02278696 474.71 213.84 -1040.21 2309.26 2116.98 10.00 05:02:08 10.7 {} 11.0 {} 10.9 {}
50.39492962 457.28 199.29 -958.29 2183.17 2169.08 10.25 05:04:56 10.6 {} 11.0 {} 10.9 {}
54.90528927 304.16 116.10 196.60 119.84 895.51 10.25 05:14:17 10.7 {} 10.9 {} 10.9 {}
59.92664192 310.27 107.58 263.84 122.22 933.39 10.25 05:17:27 10.7 {} 11.0 {} 10.9 {}
65.13367853 342.78 101.12 400.25 230.45 968.21 10.25 05:20:41 10.7 {} 11.0 {} 10.9 {}
70.00862548 266.23 75.83 538.55 -250.62 984.22 10.00 05:23:16 10.6 {} 11.0 {} 10.9 {}
74.94020996 286.23 88.96 386.55 -148.28 975.40 10.00 05:27:36 10.6 {} 10.9 {} 10.9 {}
79.90870163 320.01 57.30 553.88 -6.94 982.16 10.00 05:30:46 10.6 {} 10.9 {} 10.8 {}
85.50348909 314.71 42.70 657.89 -106.79 983.28 10.00 05:32:12 10.6 {} 10.9 {} 10.8 {}
84.85701236 281.90 66.42 496.19 -265.49 988.50 10.00 05:39:55 10.5 {} 10.9 {} 10.7 {}
79.39872788 283.97 73.10 456.94 -178.85 991.74 10.00 05:43:16 10.5 {} 10.8 {} 10.7 {}
75.27165588 292.31 82.31 421.93 -82.91 984.00 10.00 05:46:33 10.4 {} 10.8 {} 10.7 {}
69.51934765 299.38 92.54 378.14 11.92 970.81 10.00 05:49:48 10.5 {} 10.8 {} 10.7 {}
64.99605975 292.16 100.71 321.30 12.48 952.60 10.00 05:53:03 10.4 {} 10.8 {} 10.7 {}
59.59013199 292.90 106.00 276.10 69.22 922.67 10.00 05:56:25 10.4 {} 10.7 {} 10.6 {}
54.48690759 310.40 111.52 258.92 196.21 889.60 10.00 05:59:39 10.4 {} 10.7 {} 10.6 {}
49.55697536 319.98 137.01 108.33 268.50 851.79 10.00 06:02:54 10.4 {} 10.8 {} 10.6 {}
44.62541234 312.50 124.28 175.81 230.17 810.41 10.00 06:06:09 10.4 {} 10.7 {} 10.6 {}
39.71893334 314.17 129.96 160.98 254.91 769.11 10.00 06:09:19 10.4 {} 10.7 {} 10.6 {}
35.14302049 322.88 142.32 87.15 317.12 733.04 10.00 06:12:26 10.5 {} 10.7 {} 10.6 {}
29.76331400 319.69 138.59 99.55 292.01 682.83 10.00 06:15:45 10.5 {} 10.7 {} 10.6 {}
24.59101737 327.23 146.87 39.17 331.07 630.88 10.00 06:18:59 10.5 {} 10.7 {} 10.6 {}
30.02640651 326.41 144.91 88.85 313.07 698.47 10.00 06:22:23 10.6 {} 10.7 {} 10.6 {}
35.24690781 323.22 140.23 127.72 318.42 759.06 10.00 06:25:39 10.5 {} 10.7 {} 10.7 {}
39.96578239 319.02 129.94 181.60 281.05 809.26 10.00 06:28:51 10.6 {} 10.7 {} 10.7 {}
44.59837567 313.84 125.83 219.68 238.91 861.14 10.00 06:32:06 10.6 {} 10.8 {} 10.7 {}
49.87524627 310.40 112.42 312.01 198.29 906.02 10.00 06:35:23 10.6 {} 10.8 {} 10.7 {}
54.95407329 304.13 114.65 278.49 134.89 948.48 10.00 06:38:33 10.7 {} 10.9 {} 10.8 {}
60.10523412 281.22 97.84 402.34 -39.50 979.30 10.00 06:41:42 10.7 {} 10.9 {} 10.8 {}
64.86532889 296.81 96.80 398.96 2.77 996.13 10.00 06:44:56 10.7 {} 10.9 {} 10.8 {}
69.89476035 281.19 90.46 414.29 -136.44 1008.97 10.00 06:48:15 10.6 {} 10.8 {} 10.7 {}
75.01129922 287.17 81.58 462.54 -147.32 1015.54 10.00 06:51:25 10.5 {} 10.8 {} 10.7 {}
79.55633448 284.01 67.60 529.18 -215.22 1016.85 10.00 06:54:32 10.6 {} 10.8 {} 10.7 {}
84.44445644 277.02 64.64 537.17 -311.56 1010.60 10.00 06:57:41 10.6 {} 10.8 {} 10.7 {}
79.96701285 277.37 69.69 484.83 -257.64 1010.24 10.00 07:00:53 10.6 {} 10.7 {} 10.6 {}
74.97107682 282.23 80.40 433.85 -173.79 1004.48 10.00 07:04:09 10.5 {} 10.7 {} 10.6 {}
69.75092957 284.19 84.97 413.65 -85.54 988.54 10.00 07:07:23 10.4 {} 10.6 {} 10.6 {}
64.85429964 303.83 102.90 329.94 71.31 967.07 10.00 07:10:34 10.4 {} 10.6 {} 10.5 {}
60.02787922 294.70 109.18 253.81 39.39 943.88 10.00 07:13:43 10.4 {} 10.6 {} 10.6 {}
54.89627705 290.35 109.97 251.76 56.78 910.15 10.00 07:16:57 10.3 {} 10.6 {} 10.5 {}
49.82217072 304.20 122.71 195.23 141.63 874.64 10.00 07:20:13 10.3 {} 10.6 {} 10.5 {}
45.12801538 310.20 129.30 143.70 187.75 838.39 10.00 07:23:23 10.4 {} 10.6 {} 10.5 {}
39.60923099 319.13 134.39 128.89 257.90 788.15 10.00 07:26:36 10.4 {} 10.6 {} 10.5 {}
34.74914347 312.95 140.66 85.25 233.76 749.38 10.00 07:29:51 10.4 {} 10.6 {} 10.5 {}
30.00901507 332.15 144.67 88.04 359.19 703.20 10.00 07:33:02 10.4 {} 10.6 {} 10.5 {}
24.70236122 334.11 140.40 75.74 398.72 645.15 10.00 07:36:07 10.4 {} 10.6 {} 10.6 {}
30.17516182 324.50 142.42 99.21 315.98 707.91 10.00 07:39:20 10.4 {} 10.6 {} 10.5 {}
34.69022071 312.17 139.28 104.21 222.18 759.68 10.00 07:42:30 10.5 {} 10.7 {} 10.6 {}
40.14126323 310.44 129.14 182.36 188.78 812.83 10.00 07:45:45 10.4 {} 10.6 {} 10.6 {}
44.98933445 298.52 121.62 236.05 91.80 851.30 10.00 07:48:55 10.4 {} 10.6 {} 10.6 {}
49.70427154 306.39 118.29 247.32 125.57 890.81 10.00 07:52:08 10.3 {} 10.6 {} 10.6 {}
54.65507137 305.19 112.75 276.53 94.21 930.69 10.00 07:55:17 10.4 {} 10.6 {} 10.6 {}
59.82900951 300.39 95.50 378.60 39.52 960.89 10.00 07:58:32 10.4 {} 10.6 {} 10.6 {}
64.68758426 286.70 109.65 272.25 -61.71 985.34 10.00 08:01:43 10.4 {} 10.6 {} 10.6 {}
70.06335327 265.71 79.94 445.14 -246.23 1005.47 10.00 08:04:52 10.4 {} 10.6 {} 10.6 {}
74.44877563 272.80 78.32 457.11 -245.71 1017.44 10.00 08:08:06 10.4 {} 10.6 {} 10.6 {}
79.69354556 285.61 79.39 443.11 -230.72 1026.00 10.00 08:11:17 10.4 {} 10.6 {} 10.5 {}
84.93476424 252.62 47.96 609.49 -468.66 1021.51 10.00 08:14:31 10.4 {} 10.6 {} 10.6 {}
